   7 225 209 249  26 249 129 155  29  27  70  34  58 132  60 206
 118  18 172 111 143 129  31 239 199 128  51 210 140 131  55  25
 165 115 173 200 139 192 160 220   1 218  94 145  83  21  56  83
 243 184 236 122 164  33  10 180 167 200 220 171 235  73  45  14
 102 172  70 234 183   7 148 234 109 248 160 220 178  20 171  49
  34 211  53  87 232 207 144  22  68   0 147 112  32  40 216 208
 231  34 123 254  71 154  36 129  11  66  99 217 195  97 199 252
 197 157 253  92 156  97 150  80 146 163 192 207  84  90 183  68
  30 251  36 148  47 180 170 200  86  32  82 173  75  91 170 136
 172  40 189 184  27  87
